$ANSIBLE_VAULT;1.1;AES256
39356666656432313336633466383865363637346138633335656431383863313536383665333933
6531373538363362366531653738303639346466356361320a646536303130643865306564303239
35336639656436316337353435313734343831326536313364643036323930653133353564336139
6231626530396334390a666436663235633465373665363164333233623332343835663266386331
34373261383835353635383531663334653766313264616233333539333633343039373632343330
65633933646132373865643433373336303237653435353962323638326264616432343061373965
62323538386462633436313637313736646331336430313231323765326463373662333538346163
39323734326361646331326562633663306232626239353234363134643561623236623264316664
62353263313936323035373437636233356565383237646636346233393136383564383335613332
61653466393465636135643335393834616262353535303330343466656461396231663139303961
30383562623732336462343962653762663461633030353433633464366637643964653536306437
33396535396563396264
